line
3.0 11.565 0.0 3.94 9.545 0.0
line
3.94 9.545 0.0 5.4 10.225 0.0
line
5.4 10.225 0.0 5.6 11.005 0.0
line
5.6 11.005 0.0 5.0 11.0 0.0
line
5.0 11.0 0.0 4.54 11.845 0.0
line
4.54 11.845 0.0 6.0 11.0 0.0
line
6.0 11.0 0.0 7.0 11.0 0.0
line
7.0 11.0 0.0 7.8 9.285 0.0
line
7.8 9.285 0.0 8.18 9.265 0.0
line
8.18 9.265 0.0 9.44 10.785 0.0
line
9.44 10.785 0.0 10.04 10.225 0.0
line
10.04 10.225 0.0 10.22 9.005 0.0
line
10.22 9.005 0.0 10.58 9.765 0.0
line
10.58 9.765 0.0 10.86 9.385 0.0
line
10.86 9.385 0.0 11.16 9.125 0.0
line
11.16 9.125 0.0 11.46 9.745 0.0
line
11.46 9.745 0.0 11.08 10.485 0.0
line
11.08 10.485 0.0 11.62 10.445 0.0
line
11.62 10.445 0.0 12.84 11.565 0.0
line
12.84 11.565 0.0 12.68 12.365 0.0
line
12.68 12.365 0.0 13.06 12.825 0.0
line
13.06 12.825 0.0 12.44 12.805 0.0
line
12.44 12.805 0.0 12.92 13.345 0.0
line
12.92 13.345 0.0 13.42 13.125 0.0
line
13.42 13.125 0.0 13.5 12.285 0.0
line
13.5 12.285 0.0 14.02 12.605 0.0
line
14.02 12.605 0.0 13.9 13.445 0.0
line
13.9 13.445 0.0 15.0 14.0 0.0
line
15.0 14.0 0.0 15.04 14.725 0.0
line
15.04 14.725 0.0 15.06 15.305 0.0
line
15.06 15.305 0.0 14.54 15.645 0.0
line
14.54 15.645 0.0 14.54 16.105 0.0
line
14.54 16.105 0.0 15.28 16.605 0.0
line
15.28 16.605 0.0 16.26 16.705 0.0
line
16.26 16.705 0.0 17.0 17.0 0.0
line
17.0 17.0 0.0 17.78 17.325 0.0
line
17.78 17.325 0.0 17.22 16.545 0.0
line
17.22 16.545 0.0 16.8 15.565 0.0
line
16.8 15.565 0.0 17.0 15.0 0.0
line
17.0 15.0 0.0 17.4 15.685 0.0
line
17.4 15.685 0.0 17.66 16.525 0.0
line
17.66 16.525 0.0 18.58 17.005 0.0
line
18.58 17.005 0.0 19.3 17.405 0.0
line
19.3 17.405 0.0 19.58 18.065 0.0
line
19.58 18.065 0.0 20.22 17.905 0.0
line
20.22 17.905 0.0 20.44 18.485 0.0
line
20.44 18.485 0.0 19.62 19.245 0.0
line
19.62 19.245 0.0 18.62 19.485 0.0
line
18.62 19.485 0.0 18.8 19.125 0.0
line
18.8 19.125 0.0 18.16 19.225 0.0
line
18.16 19.225 0.0 17.4 19.425 0.0
line
17.4 19.425 0.0 17.18 19.865 0.0
line
17.18 19.865 0.0 16.4 19.925 0.0
line
16.4 19.925 0.0 15.96 20.485 0.0
line
15.96 20.485 0.0 15.04 20.565 0.0
line
15.04 20.565 0.0 15.0 20.0 0.0
line
15.0 20.0 0.0 14.3 20.025 0.0
line
14.3 20.025 0.0 13.8 20.185 0.0
line
13.8 20.185 0.0 13.68 20.665 0.0
line
13.68 20.665 0.0 13.2 20.845 0.0
line
13.2 20.845 0.0 13.2 20.525 0.0
line
13.2 20.525 0.0 12.48 20.685 0.0
line
12.48 20.685 0.0 12.0 21.0 0.0
line
12.0 21.0 0.0 11.5 20.785 0.0
line
11.5 20.785 0.0 10.88 20.405 0.0
line
10.88 20.405 0.0 11.2 20.965 0.0
line
11.2 20.965 0.0 11.8 21.525 0.0
line
11.8 21.525 0.0 11.84 22.085 0.0
line
11.84 22.085 0.0 11.22 22.185 0.0
line
11.22 22.185 0.0 11.0 22.685 0.0
line
11.0 22.685 0.0 10.62 22.425 0.0
line
10.62 22.425 0.0 10.4 22.045 0.0
line
10.4 22.045 0.0 10.0 22.0 0.0
line
10.0 22.0 0.0 9.64 21.745 0.0
line
9.64 21.745 0.0 9.18 21.625 0.0
line
9.18 21.625 0.0 8.92 21.185 0.0
line
8.92 21.185 0.0 8.4 20.965 0.0
line
8.4 20.965 0.0 8.34 20.485 0.0
line
8.34 20.485 0.0 8.5 20.025 0.0
line
8.5 20.025 0.0 7.7 20.205 0.0
line
7.7 20.205 0.0 7.4 20.165 0.0
line
7.4 20.165 0.0 7.04 20.525 0.0
line
7.04 20.525 0.0 6.74 19.925 0.0
line
6.74 19.925 0.0 6.76 19.125 0.0
line
6.76 19.125 0.0 5.7 19.585 0.0
line
5.7 19.585 0.0 5.56 19.245 0.0
line
5.56 19.245 0.0 4.66 19.005 0.0
line
4.66 19.005 0.0 4.34 18.625 0.0
line
4.34 18.625 0.0 3.98 18.425 0.0
line
3.98 18.425 0.0 4.0 18.0 0.0
line
4.0 18.0 0.0 5.12 17.365 0.0
line
5.12 17.365 0.0 5.42 16.665 0.0
line
5.42 16.665 0.0 5.42 16.045 0.0
line
5.42 16.045 0.0 5.02 15.505 0.0
line
5.02 15.505 0.0 4.66 15.205 0.0
line
4.66 15.205 0.0 4.54 14.845 0.0
line
4.54 14.845 0.0 4.7 14.265 0.0
line
4.7 14.265 0.0 4.82 13.785 0.0
line
4.82 13.785 0.0 4.82 13.265 0.0
line
4.82 13.265 0.0 5.0 13.0 0.0
line
5.0 13.0 0.0 4.76 12.725 0.0
line
4.76 12.725 0.0 4.56 13.045 0.0
line
4.56 13.045 0.0 4.42 13.425 0.0
line
4.42 13.425 0.0 3.78 13.245 0.0
line
3.78 13.245 0.0 3.08 13.305 0.0
line
3.08 13.305 0.0 2.6 13.405 0.0
line
2.6 13.405 0.0 2.08 13.165 0.0
line
2.08 13.165 0.0 2.08 12.745 0.0
line
2.08 12.745 0.0 2.6 12.565 0.0
line
2.6 12.565 0.0 2.88 12.445 0.0
line
2.88 12.445 0.0 2.8 11.945 0.0
line
2.8 11.945 0.0 3.0 11.565 0.0
ident
scale
24 24 24
move
0 -175 0
rotate
z 20
rotate
x 10
rotate
y 5
move
50 40 0
apply
save
transformasian.png